# name: debug
# type: sparse matrix
# nnz: 4546
# rows: 188
# columns: 188

1 1 0.000000000
2 1 0.000000000
3 1 0.000000000
4 1 0.000000000
5 1 0.000000000
6 1 0.000000000
181 1 0.000000000
182 1 0.000000000
183 1 0.000000000
184 1 0.000000000
185 1 0.000000000
186 1 0.000000000
187 1 0.000000000
188 1 0.000000000
1 2 0.000000000
2 2 0.000000000
3 2 0.000000000
4 2 0.000000000
5 2 0.000000000
6 2 0.000000000
181 2 0.000000000
182 2 0.000000000
183 2 0.000000000
184 2 0.000000000
185 2 0.000000000
186 2 0.000000000
187 2 0.000000000
188 2 0.000000000
1 3 0.000000000
2 3 0.000000000
3 3 0.000000000
4 3 0.000000000
5 3 0.000000000
6 3 0.000000000
181 3 0.000000000
182 3 0.000000000
183 3 0.000000000
184 3 0.000000000
185 3 0.000000000
186 3 0.000000000
187 3 0.000000000
188 3 0.000000000
1 4 0.000000000
2 4 0.000000000
3 4 0.000000000
4 4 0.000000000
5 4 0.000000000
6 4 0.000000000
7 4 0.000000000
8 4 0.000000000
9 4 0.000000000
181 4 0.000000000
182 4 0.000000000
183 4 0.000000000
184 4 0.000000000
185 4 0.000000000
186 4 0.000000000
187 4 0.000000000
188 4 0.000000000
1 5 0.000000000
2 5 0.000000000
3 5 0.000000000
4 5 0.000000000
5 5 0.000000000
6 5 0.000000000
7 5 0.000000000
8 5 0.000000000
9 5 0.000000000
181 5 0.000000000
182 5 0.000000000
183 5 0.000000000
184 5 0.000000000
185 5 0.000000000
186 5 0.000000000
187 5 0.000000000
188 5 0.000000000
1 6 0.000000000
2 6 0.000000000
3 6 0.000000000
4 6 0.000000000
5 6 0.000000000
6 6 0.000000000
7 6 0.000000000
8 6 0.000000000
9 6 0.000000000
181 6 0.000000000
182 6 0.000000000
183 6 0.000000000
184 6 0.000000000
185 6 0.000000000
186 6 0.000000000
187 6 0.000000000
188 6 0.000000000
4 7 0.000000000
5 7 0.000000000
6 7 0.000000000
7 7 0.000000000
8 7 0.000000000
9 7 0.000000000
10 7 0.000000000
11 7 0.000000000
12 7 0.000000000
181 7 0.000000000
182 7 0.000000000
183 7 0.000000000
184 7 0.000000000
185 7 0.000000000
186 7 0.000000000
187 7 0.000000000
188 7 0.000000000
4 8 0.000000000
5 8 0.000000000
6 8 0.000000000
7 8 0.000000000
8 8 0.000000000
9 8 0.000000000
10 8 0.000000000
11 8 0.000000000
12 8 0.000000000
181 8 0.000000000
182 8 0.000000000
183 8 0.000000000
184 8 0.000000000
185 8 0.000000000
186 8 0.000000000
187 8 0.000000000
188 8 0.000000000
4 9 0.000000000
5 9 0.000000000
6 9 0.000000000
7 9 0.000000000
8 9 0.000000000
9 9 0.000000000
10 9 0.000000000
11 9 0.000000000
12 9 0.000000000
181 9 0.000000000
182 9 0.000000000
183 9 0.000000000
184 9 0.000000000
185 9 0.000000000
186 9 0.000000000
187 9 0.000000000
188 9 0.000000000
7 10 0.000000000
8 10 0.000000000
9 10 0.000000000
10 10 0.000000000
11 10 0.000000000
12 10 0.000000000
13 10 0.000000000
14 10 0.000000000
15 10 0.000000000
181 10 0.000000000
182 10 0.000000000
183 10 0.000000000
184 10 0.000000000
185 10 0.000000000
186 10 0.000000000
187 10 0.000000000
188 10 0.000000000
7 11 0.000000000
8 11 0.000000000
9 11 0.000000000
10 11 0.000000000
11 11 0.000000000
12 11 0.000000000
13 11 0.000000000
14 11 0.000000000
15 11 0.000000000
181 11 0.000000000
182 11 0.000000000
183 11 0.000000000
184 11 0.000000000
185 11 0.000000000
186 11 0.000000000
187 11 0.000000000
188 11 0.000000000
7 12 0.000000000
8 12 0.000000000
9 12 0.000000000
10 12 0.000000000
11 12 0.000000000
12 12 0.000000000
13 12 0.000000000
14 12 0.000000000
15 12 0.000000000
181 12 0.000000000
182 12 0.000000000
183 12 0.000000000
184 12 0.000000000
185 12 0.000000000
186 12 0.000000000
187 12 0.000000000
188 12 0.000000000
10 13 0.000000000
11 13 0.000000000
12 13 0.000000000
13 13 0.000000000
14 13 0.000000000
15 13 0.000000000
16 13 0.000000000
17 13 0.000000000
18 13 0.000000000
181 13 0.000000000
182 13 0.000000000
183 13 0.000000000
184 13 0.000000000
185 13 0.000000000
186 13 0.000000000
187 13 0.000000000
188 13 0.000000000
10 14 0.000000000
11 14 0.000000000
12 14 0.000000000
13 14 0.000000000
14 14 0.000000000
15 14 0.000000000
16 14 0.000000000
17 14 0.000000000
18 14 0.000000000
181 14 0.000000000
182 14 0.000000000
183 14 0.000000000
184 14 0.000000000
185 14 0.000000000
186 14 0.000000000
187 14 0.000000000
188 14 0.000000000
10 15 0.000000000
11 15 0.000000000
12 15 0.000000000
13 15 0.000000000
14 15 0.000000000
15 15 0.000000000
16 15 0.000000000
17 15 0.000000000
18 15 0.000000000
181 15 0.000000000
182 15 0.000000000
183 15 0.000000000
184 15 0.000000000
185 15 0.000000000
186 15 0.000000000
187 15 0.000000000
188 15 0.000000000
13 16 0.000000000
14 16 0.000000000
15 16 0.000000000
16 16 0.000000000
17 16 0.000000000
18 16 0.000000000
19 16 0.000000000
20 16 0.000000000
21 16 0.000000000
181 16 0.000000000
182 16 0.000000000
183 16 0.000000000
184 16 0.000000000
185 16 0.000000000
186 16 0.000000000
187 16 0.000000000
188 16 0.000000000
13 17 0.000000000
14 17 0.000000000
15 17 0.000000000
16 17 0.000000000
17 17 0.000000000
18 17 0.000000000
19 17 0.000000000
20 17 0.000000000
21 17 0.000000000
181 17 0.000000000
182 17 0.000000000
183 17 0.000000000
184 17 0.000000000
185 17 0.000000000
186 17 0.000000000
187 17 0.000000000
188 17 0.000000000
13 18 0.000000000
14 18 0.000000000
15 18 0.000000000
16 18 0.000000000
17 18 0.000000000
18 18 0.000000000
19 18 0.000000000
20 18 0.000000000
21 18 0.000000000
181 18 0.000000000
182 18 0.000000000
183 18 0.000000000
184 18 0.000000000
185 18 0.000000000
186 18 0.000000000
187 18 0.000000000
188 18 0.000000000
16 19 0.000000000
17 19 0.000000000
18 19 0.000000000
19 19 0.000000000
20 19 0.000000000
21 19 0.000000000
22 19 0.000000000
23 19 0.000000000
24 19 0.000000000
181 19 0.000000000
182 19 0.000000000
183 19 0.000000000
184 19 0.000000000
185 19 0.000000000
186 19 0.000000000
187 19 0.000000000
188 19 0.000000000
16 20 0.000000000
17 20 0.000000000
18 20 0.000000000
19 20 0.000000000
20 20 0.000000000
21 20 0.000000000
22 20 0.000000000
23 20 0.000000000
24 20 0.000000000
181 20 0.000000000
182 20 0.000000000
183 20 0.000000000
184 20 0.000000000
185 20 0.000000000
186 20 0.000000000
187 20 0.000000000
188 20 0.000000000
16 21 0.000000000
17 21 0.000000000
18 21 0.000000000
19 21 0.000000000
20 21 0.000000000
21 21 0.000000000
22 21 0.000000000
23 21 0.000000000
24 21 0.000000000
181 21 0.000000000
182 21 0.000000000
183 21 0.000000000
184 21 0.000000000
185 21 0.000000000
186 21 0.000000000
187 21 0.000000000
188 21 0.000000000
19 22 0.000000000
20 22 0.000000000
21 22 0.000000000
22 22 0.000000000
23 22 0.000000000
24 22 0.000000000
25 22 0.000000000
26 22 0.000000000
27 22 0.000000000
181 22 0.000000000
182 22 0.000000000
183 22 0.000000000
184 22 0.000000000
185 22 0.000000000
186 22 0.000000000
187 22 0.000000000
188 22 0.000000000
19 23 0.000000000
20 23 0.000000000
21 23 0.000000000
22 23 0.000000000
23 23 0.000000000
24 23 0.000000000
25 23 0.000000000
26 23 0.000000000
27 23 0.000000000
181 23 0.000000000
182 23 0.000000000
183 23 0.000000000
184 23 0.000000000
185 23 0.000000000
186 23 0.000000000
187 23 0.000000000
188 23 0.000000000
19 24 0.000000000
20 24 0.000000000
21 24 0.000000000
22 24 0.000000000
23 24 0.000000000
24 24 0.000000000
25 24 0.000000000
26 24 0.000000000
27 24 0.000000000
181 24 0.000000000
182 24 0.000000000
183 24 0.000000000
184 24 0.000000000
185 24 0.000000000
186 24 0.000000000
187 24 0.000000000
188 24 0.000000000
22 25 0.000000000
23 25 0.000000000
24 25 0.000000000
25 25 0.000000000
26 25 0.000000000
27 25 0.000000000
28 25 0.000000000
29 25 0.000000000
30 25 0.000000000
181 25 0.000000000
182 25 0.000000000
183 25 0.000000000
184 25 0.000000000
185 25 0.000000000
186 25 0.000000000
187 25 0.000000000
188 25 0.000000000
22 26 0.000000000
23 26 0.000000000
24 26 0.000000000
25 26 0.000000000
26 26 0.000000000
27 26 0.000000000
28 26 0.000000000
29 26 0.000000000
30 26 0.000000000
181 26 0.000000000
182 26 0.000000000
183 26 0.000000000
184 26 0.000000000
185 26 0.000000000
186 26 0.000000000
187 26 0.000000000
188 26 0.000000000
22 27 0.000000000
23 27 0.000000000
24 27 0.000000000
25 27 0.000000000
26 27 0.000000000
27 27 0.000000000
28 27 0.000000000
